$ANSIBLE_VAULT;1.1;AES256
64616531636461623838343830393234353662653837326533653663373432373535653238383364
3631316563346134376261346663303532386232316336630a336338323762633436376361303863
30363032393463373031396133333665323137366165396164326261373430666561313238313834
3761663430353333310a303061653632613230333264363361373931383033323865626537643433
64653839666666383764643662393438636135393432616261653464363031383463303631303939
63633133643566653761373136313531336331333062336439386235626130303635323038356537
64346666643330306534376164376630626439636433356365363766366232303637613064636336
37616136653063356263313465663863633134663165386466323733373631613631656664346337
61666533386664313861656535323933303965363466336633633837363732363235396436373833
31326539643432376530373333393538343764633365393934303238333738626330393535623463
61346638346365353665313365363164316139346362343061386638633137613237623033303938
34333839616339653332616237616663666539323561306430353962363137326264343564373861
36636531376164643037656663613332653763633738623531373536626537663231626130363239
66373134383230323037323935313638313235383962313239346236613434626534623566623630
36613163623633646665383932643338313339613230656434643634383962306333623165663733
39643738323432353639343462333665376638383163306661373565363735326534303331663964
64616430316137376566323666366139666430343262653863643762666139346436383466343330
31626536346238326332323039346631383737373163383034316332633863616132633630333330
63313030646365386363663833633630316332646361326331356161343237316663366434646639
66376464353038643965663163643133336234636262333336306234653166663866383236313338
39633133376363613630313463353736636566333738643432613538383037613735333234366266
30303830666365363839656230323732656239353635393139306638373563343234386662343231
61616336316362656537333032626162306538643536336465366462646238643965323636306430
34613439653535323233633639313861393430383366613935656266666264303231303733313233
64336363643766623032633439396261323539363434623333333231303562653465386131363931
63646230323562333933363832353632343961323362376262663531623864303630396332303464
61303032306163396431643636373431373338343766666333626435306433363362643633373938
64623364613137613533316432613831376339653863623261333561373534353931363765306561
65663430663631343039653537656461653061653935393463303862323634323866346538663363
66346138386531366361616239323937653733383231363730666338306631393938633066306337
31633539656534303362646439656235383166643435656565393362373839623830613836373138
61616461623735313430653166326262336261383238313036353363373266376437306536376333
34663534383735333465306464343637356562653865333463313564336463393637393633393966
31363430626530353336336337313163353333306363616331313431393239326332313735366161
34323062393064386664636638373663313532373739643034323536653766343166666331623730
30623939636334346164393136346363366638653563323162643966666131616239323166613635
62616136356633613464386133613562633264313634366339383464323466363033373939323430
38313031346531353136383735396130326431343435633063383333376535643939363038626631
39363139333737363633333834623132666334656162303664303437623235373761343531363737
34376535653865396335353439313263366337333937353261343065333633313061633336303931
66386564313331653763646133373738386637303330366536336637396135663632393838663739
37623830376563616232663333386536656335633561383939316135656433356165346161346234
62616635356631356138666564306538336133376231636262393730323731646330383166376165
31356337643463663032643831393432626164616635383832353861613737646261396637663839
34386565373231353031316632663263613731666334316533613135653536313062313238623435
37666236336331396133313165306562663565653038366133656233333539396535383461363263
64393331636335396133373430333837396535343636313666626434663265333737643163336534
36633130363439373166633431623062383266633464353536643730656161383936313431613265
35616262636138613763353936393566346662663831366536336662633936663165316464663534
31363166346137643135663635313136316130396434326231646636653333353830663738653538
37373661636561633634646135616239376461343233313334643964343836363461323931616338
39656435623137313336353063313131383830316535363937653830323838363938383036343861
36303363353233646263653634343132323639663638633364373061353463366435323061396235
39316364343865623962313166386136303365613862383262393261306364666539316333633361
32396431376564323533313530626264343835623330313837613636353132656432653866613565
62333736356430656636393866633039333164626266313736373864326637613634353065366230
35373764656237653336346162396366623239373431313165373063633263393931323938333239
38653038343538656331366139663632643766636438333466333437663736383133363236633433
30666636653361353733303032643530663639373730323332643765396131313530323735613661
66306563623339343239653864623566336162396265623136353837353565353062623634366162
32663164663762636162626432393333646664633865326339356162643432623438656331383739
30363531663235393336646262366364656633306530346365393739636165373964643565653139
64623534626233386365386165663461663137343336366166626636373263383730653965333762
66366630646664653563653330666635373138303438396563323265666464356363346265353136
38333234386539633534393665383761316232383263353762373738616165323163666534626333
61343038633834333838386630343139633638393034313765326438666566336335343637353631
386364626638326265383263353438303233
